1092009	42	84
2092009	55	88
3092009	65	93
4092009	55	94
5092009	49	85
6092009	51	91
7092009	52	91
8092009	50	90
9092009	48	81
10092009	51	81
11092009	52	81
12092009	42	79
13092009	44	92
14092009	54	77
15092009	54	85
16092009	53	81
17092009	36	75
18092009	51	77
19092009	42	87
20092009	42	84
21092009	55	77
22092009	57	80
23092009	63	84
24092009	62	80
25092009	65	87
26092009	63	87
27092009	46	72
28092009	45	93
29092009	53	91
30092009	56	77
1102009	47	76
2102009	61	86
3102009	53	78
4102009	49	77
5102009	51	85
6102009	53	82
7102009	57	91
8102009	55	89
9102009	62	90
10102009	56	92
11102009	60	85
12102009	55	84
13102009	58	81
14102009	52	80
15102009	62	93
16102009	64	87
17102009	59	80
18102009	45	85
19102009	63	81
20102009	47	79
21102009	49	85
22102009	72	88
23102009	53	85
24102009	58	83
25102009	66	93
26102009	62	93
27102009	54	93
28102009	56	91
29102009	57	95
30102009	57	86
31102009	69	88
1112009	59	85
2112009	59	88
3112009	66	87
4112009	54	80
5112009	65	90
6112009	86	95
7112009	87	95
8112009	65	94
9112009	59	89
10112009	56	82
11112009	62	82
12112009	56	79
13112009	52	94
14112009	52	80
15112009	56	84
16112009	41	76
17112009	54	95
18112009	66	94
19112009	54	78
20112009	51	83
21112009	49	78
22112009	48	74
23112009	47	77
24112009	55	78
25112009	52	89
26112009	61	94
27112009	59	92
28112009	57	90
29112009	60	81
30112009	65	89
1122009	64	82
2122009	66	84
3122009	69	93
4122009	72	90
5122009	70	94
6122009	68	93
7122009	67	94
8122009	66	95
9122009	68	89
10122009	56	87
11122009	44	77
12122009	62	92
13122009	62	87
14122009	61	92
15122009	65	90
16122009	60	88
17122009	67	90
18122009	65	87
19122009	64	81
20122009	63	86
21122009	56	87
22122009	55	91
23122009	51	77
24122009	49	80
25122009	41	87
26122009	47	90
27122009	49	83
28122009	50	77
29122009	53	92
30122009	60	95
31122009	67	95
1012010	65	91
2012010	70	88
3012010	70	97
4012010	72	96
5012010	70	95
6012010	70	91
7012010	72	93
8012010	66	95
9012010	66	89
10012010	64	89
11012010	63	81
12012010	62	88
13012010	75	94
14012010	74	94
15012010	71	96
16012010	77	97
17012010	65	95
18012010	63	93
19012010	65	92
20012010	65	88
21012010	62	89
22012010	68	91
23012010	64	88
24012010	63	93
25012010	60	88
26012010	57	83
27012010	58	83
28012010	69	86
29012010	57	90
30012010	54	86
31012010	66	88
1022010	68	86
2022010	67	96
3022010	77	96
4022010	71	98
5022010	64	95
6022010	63	91
7022010	67	86
8022010	65	93
9022010	69	94
10022010	62	79
11022010	63	88
12022010	72	95
13022010	66	90
14022010	69	85
15022010	63	84
16022010	61	92
17022010	55	94
18022010	66	95
19022010	57	85
20022010	55	91
21022010	51	86
22022010	60	86
23022010	65	90
24022010	68	90
25022010	62	92
26022010	69	96
27022010	62	81
28022010	65	90
1032010	67	90
2032010	62	88
3032010	62	92
4032010	61	97
5032010	78	96
6032010	72	93
7032010	73	96
8032010	69	97
9032010	70	95
10032010	71	97
11032010	58	85
12032010	63	82
13032010	51	88
14032010	60	92
15032010	67	92
16032010	68	93
17032010	71	98
18032010	78	97
19032010	75	96
20032010	73	95
21032010	68	88
22032010	65	90
23032010	63	94
24032010	61	81
25032010	61	91
26032010	63	93
27032010	60	92
28032010	66	97
29032010	63	92
30032010	62	88
31032010	57	92
1042010	59	79
2042010	63	89
3042010	63	95
4042010	61	92
5042010	61	92
6042010	59	86
7042010	56	95
8042010	55	91
9042010	59	85
10042010	57	83
11042010	59	92
12042010	54	88
13042010	61	90
14042010	61	91
15042010	51	88
16042010	57	76
17042010	58	90
18042010	66	92
19042010	56	78
20042010	49	90
21042010	55	92
22042010	65	92
23042010	58	91
24042010	65	84
25042010	56	83
26042010	56	83
27042010	56	83
28042010	56	83
29042010	56	83
30042010	56	83
1052010	56	83
2052010	56	83
3052010	65	96
4052010	62	93
5052010	67	94
6052010	67	86
7052010	56	85
8052010	58	82
9052010	58	78
10052010	57	87
11052010	63	91
12052010	57	90
13052010	65	89
14052010	58	85
15052010	46	75
16052010	53	78
17052010	59	95
18052010	60	93
19052010	62	91
20052010	65	93
21052010	57	92
22052010	60	93
23052010	60	80
24052010	59	84
25052010	62	82
26052010	65	94
27052010	56	94
28052010	66	89
29052010	56	88
30052010	67	95
30052010	63	93
1062010	59	92
2062010	56	89
3062010	69	93
4062010	71	97
5062010	66	92
6062010	58	90
7062010	56	88
8062010	50	84
9062010	58	83
10062010	48	76
11062010	50	78
12062010	56	88
13062010	61	95
14062010	52	75
15062010	52	87
16062010	46	89
17062010	41	91
18062010	48	90
19062010	48	88
20062010	53	82
21062010	60	94
22062010	63	92
23062010	59	86
24062010	56	95
25062010	73	96
26062010	66	91
27062010	59	88
28062010	53	93
29062010	54	84
30062010	51	89
1072010	51	84
2072010	54	75
3072010	53	83
4072010	49	87
5072010	43	86
6072010	50	75
7072010	50	92
8072010	60	90
9072010	60	92
10072010	60	90
11072010	56	87
12072010	45	88
13072010	47	89
14072010	58	87
15072010	65	90
16072010	55	90
17072010	59	88
18072010	60	91
19072010	51	82
20072010	49	89
21072010	58	94
22072010	61	95
23072010	51	88
24072010	65	94
25072010	53	89
26072010	51	82
27072010	50	75
28072010	55	85
29072010	55	95
30072010	64	84
31072010	57	85
1082010	49	81
2082010	56	71
3082010	50	83
4082010	44	70
5082010	52	94
6082010	48	92
7082010	49	87
8082010	56	95
9082010	65	91
10082010	67	93
11082010	52	91
12082010	60	89
13082010	62	90
14082010	65	87
15082010	61	90
16082010	61	88
17082010	48	86
18082010	64	94
19082010	58	83
20082010	60	88
21082010	54	95
22082010	58	91
23082010	67	93
24082010	39	94
25082010	44	95
26082010	47	90
27082010	57	91
28082010	57	95
29082010	61	91
30082010	50	84
31082010	47	89
1092010	55	76
2092010	52	92
3092010	66	96
4092010	66	90
5092010	63	84
6092010	52	85
7092010	73	95
8092010	74	95
9092010	79	95
10092010	72	94
11092010	64	92
12092010	66	96
13092010	63	96
14092010	51	84
15092010	60	88
16092010	49	73
17092010	49	70
18092010	50	71
19092010	42	84
20092010	62	83
21092010	53	84
22092010	63	92
23092010	49	91
24092010	53	76
25092010	57	81
26092010	62	89
27092010	61	87
28092010	61	81
29092010	55	86
30092010	48	90
1102010	61	93
2102010	53	96
3102010	35	83
4102010	50	91
5102010	71	95
6102010	69	86
7102010	66	90
8102010	64	85
9102010	61	88
10102010	46	79
11102010	53	83
12102010	57	82
13102010	50	72
14102010	57	77
15102010	58	80
16102010	55	80
17102010	56	81
18102010	46	80
19102010	60	82
20102010	59	82
21102010	42	87
22102010	55	78
23102010	41	85
24102010	54	89
25102010	63	94
26102010	59	87
27102010	66	93
28102010	65	92
29102010	67	86
30102010	66	92
31102010	74	91
1112010	65	90
2112010	61	86
3112010	58	89
4112010	60	87
5112010	59	89
6112010	46	87
7112010	50	87
8112010	45	87
9112010	37	74
10112010	45	77
11112010	44	86
12112010	37	76
13112010	39	76
14112010	50	84
15112010	53	80
16112010	54	90
17112010	55	79
18112010	45	80
19112010	60	82
20112010	64	92
21112010	55	88
22112010	55	74
23112010	58	86
24112010	59	82
25112010	62	85
26112010	62	80
27112010	49	78
28112010	63	92
29112010	66	96
30112010	54	77
1122010	51	76
2122010	43	77
3122010	52	73
4122010	52	80
5122010	49	80
6122010	46	78
7122010	57	78
8122010	60	77
9122010	62	92
10122010	65	91
11122010	55	80
12122010	62	80
13122010	61	83
14122010	55	82
15122010	62	86
16122010	62	89
17122010	65	93
18122010	63	90
19122010	51	76
20122010	52	78
21122010	57	82
22122010	68	84
23122010	67	92
24122010	66	95
25122010	46	84
26122010	49	85
27122010	48	74
28122010	58	83
29122010	55	82
30122010	54	91
31122010	53	74
1012011	50	74
2012011	48	75
3012011	50	73
4012011	54	82
5012011	53	75
6012011	49	78
7012011	52	73
8012011	55	78
9012011	52	76
10012011	57	80
11012011	49	77
12012011	49	91
13012011	52	93
14012011	51	80
15012011	52	90
16012011	60	79
17012011	59	92
18012011	53	85
19012011	51	88
20012011	52	90
21012011	66	91
22012011	56	81
23012011	61	82
24012011	65	91
25012011	64	92
26012011	57	82
27012011	70	94
28012011	70	96
29012011	89	98
30012011	91	98
31012011	73	97
1022011	71	93
2022011	61	93
3022011	65	87
4022011	68	88
5022011	63	91
6022011	58	81
7022011	56	84
8022011	55	87
9022011	54	90
10022011	57	93
11022011	59	94
12022011	58	94
13022011	56	95
14022011	69	96
15022011	68	86
16022011	57	91
17022011	71	95
18022011	73	94
19022011	66	93
20022011	73	93
21022011	73	88
22022011	71	88
23022011	65	88
24022011	66	86
25022011	67	85
26022011	62	85
27022011	64	93
28022011	62	87
1032011	61	81
2032011	52	87
3032011	61	94
4032011	61	93
5032011	63	81
6032011	56	85
7032011	66	87
8032011	67	87
9032011	63	82
10032011	62	95
11032011	59	94
12032011	51	81
13032011	61	90
14032011	61	89
15032011	52	90
16032011	58	96
17032011	46	91
18032011	53	93
19032011	52	88
20032011	56	84
21032011	63	90
22032011	71	91
23032011	66	90
24032011	64	92
25032011	53	84
26032011	64	96
27032011	71	96
28032011	65	91
29032011	74	93
30032011	61	87
31032011	61	83
1042011	57	88
2042011	53	78
3042011	50	86
4042011	59	84
5042011	64	90
6042011	57	91
7042011	66	91
8042011	67	95
9042011	57	95
10042011	61	82
11042011	60	89
12042011	64	87
13042011	62	88
14042011	62	80
15042011	73	94
16042011	65	94
17042011	71	87
18042011	60	92
19042011	52	89
20042011	60	78
21042011	58	80
22042011	65	84
23042011	58	85
24042011	64	84
25042011	59	81
26042011	58	91
27042011	64	87
27042011	64	87
29042011	63	86
30042011	45	86
1052011	56	85
2052011	52	83
3052011	60	86
4052011	71	93
5052011	65	91
6052011	64	88
7052011	62	94
8052011	59	88
9052011	59	88
10052011	62	91
11052011	75	93
12052011	67	93
13052011	70	93
14052011	62	91
15052011	56	84
16052011	51	85
17052011	53	86
18052011	56	78
19052011	59	79
20052011	61	81
21052011	55	80
22052011	60	79
23052011	63	86
24052011	58	83
25052011	58	82
26052011	52	88
27052011	53	93
28052011	51	77
28052011	51	77
30052011	53	77
31052011	53	75
1062011	60	79
2062011	57	77
3062011	45	71
4062011	46	73
5062011	51	77
6062011	57	74
7062011	53	85
8062011	53	77
9062011	50	78
10062011	55	77
11062011	45	83
12062011	60	94
13062011	66	96
14062011	65	93
15062011	60	89
16062011	66	91
17062011	67	91
18062011	63	88
19062011	50	88
20062011	61	86
21062011	50	83
22062011	53	82
23062011	55	81
24062011	52	84
25062011	58	81
26062011	69	93
27062011	57	84
28062011	58	89
29062011	60	87
30062011	57	86
1072011	54	84
2072011	53	80
3072011	54	82
4072011	48	82
5072011	58	84
6072011	58	84
7072011	52	87
8072011	54	87
9072011	46	86
10072011	50	80
11072011	45	70
12072011	46	86
13072011	51	85
14072011	42	69
15072011	61	93
16072011	65	94
17072011	61	92
18072011	55	93
19072011	50	88
20072011	56	90
21072011	53	88
22072011	62	85
23072011	54	88
24072011	50	80
25072011	51	83
26072011	45	75
27072011	59	93
28072011	47	88
29072011	52	91
30072011	55	94
31072011	59	89
1082011	54	87
2082011	64	89
3082011	49	90
4082011	68	92
5082011	51	85
6082011	56	93
7082011	50	90
8082011	46	88
9082011	57	91
10082011	61	92
11082011	62	83
12082011	66	93
13082011	61	93
14082011	62	92
15082011	59	88
16082011	62	89
17082011	52	79
18082011	60	83
19082011	56	91
20082011	41	92
21082011	62	93
22082011	63	88
23082011	54	83
24082011	55	87
25082011	43	80
26082011	46	86
27082011	47	93
28082011	55	79
29082011	57	78
30082011	51	78
31082011	40	90
1092011	52	89
2092011	47	91
3092011	55	92
4092011	58	91
5092011	67	91
6092011	63	90
7092011	61	88
8092011	55	85
9092011	53	92
10092011	46	93
11092011	48	88
12092011	53	78
13092011	56	90
14092011	41	78
15092011	52	79
16092011	54	78
17092011	60	90
18092011	50	82
19092011	40	78
20092011	58	80
21092011	66	87
22092011	68	85
23092011	57	82
24092011	62	81
25092011	61	82
26092011	75	93
27092011	38	87
28092011	56	88
29092011	56	79
30092011	52	84
1102011	63	86
2102011	48	79
3102011	51	77
4102011	66	85
5102011	65	84
6102011	65	86
7102011	54	86
8102011	50	89
9102011	49	76
10102011	54	88
11102011	53	91
12102011	58	89
13102011	60	91
14102011	61	81
15102011	51	79
16102011	50	80
17102011	53	78
18102011	50	85
19102011	74	88
20102011	69	94
21102011	68	94
22102011	66	88
23102011	61	85
24102011	61	85
25102011	62	85
26102011	65	87
27102011	66	88
28102011	61	85
29102011	60	83
30102011	50	80
31102011	48	73
1112011	52	76
2112011	49	77
3112011	55	78
4112011	58	82
5112011	53	79
6112011	42	81
7112011	60	79
8112011	59	93
9112011	55	79
10112011	54	80
11112011	54	80
12112011	52	84
13112011	54	80
14112011	52	86
15112011	64	92
16112011	60	83
17112011	59	83
18112011	57	91
19112011	62	90
20112011	62	79
21112011	44	82
22112011	59	82
23112011	48	86
24112011	61	82
25112011	56	90
26112011	60	80
27112011	60	83
28112011	61	82
29112011	51	88
30112011	60	93
1122011	47	89
2122011	52	90
3122011	56	89
4122011	54	78
5122011	54	75
6122011	50	80
7122011	53	80
8122011	62	91
9122011	56	86
10122011	56	77
11122011	53	79
12122011	47	79
13122011	59	86
14122011	59	86
15122011	59	86
16122011	49	86
17122011	52	90
18122011	62	89
19122011	68	94
20122011	58	95
21122011	65	93
22122011	67	92
23122011	66	91
24122011	58	92
25122011	58	90
26122011	58	90
27122011	56	78
28122011	55	78
29122011	63	81
30122011	65	86
31122011	68	93
1012012	67	93
2012012	66	90
3012012	49	85
4012012	52	77
5012012	57	89
6012012	60	87
7012012	54	83
8012012	52	78
9012012	56	78
10012012	65	90
11012012	74	92
12012012	67	87
13012012	66	87
14012012	59	91
15012012	55	90
16012012	49	81
17012012	52	83
18012012	59	86
19012012	59	83
20012012	48	86
21012012	66	89
22012012	58	90
23012012	61	84
24012012	55	80
25012012	40	77
26012012	59	93
27012012	61	92
28012012	59	90
29012012	48	79
30012012	61	90
31012012	68	92
1022012	52	79
2022012	67	87
3022012	50	81
4022012	58	89
5022012	52	84
6022012	61	84
7022012	50	81
8022012	57	82
9022012	63	79
10022012	57	80
11022012	47	82
12022012	58	90
13022012	71	90
14022012	68	91
15022012	59	93
16022012	48	90
17022012	59	88
18022012	71	92
19022012	71	92
20022012	66	90
21022012	66	90
22022012	59	88
23022012	64	88
24022012	65	82
25022012	60	90
26022012	54	89
27022012	58	92
28022012	47	90
29022012	78	94
1032012	59	94
2032012	61	88
3032012	51	91
4032012	55	72
5032012	50	84
6032012	57	88
7032012	60	85
8032012	71	89
9032012	61	90
10032012	59	90
11032012	54	81
12032012	65	89
13032012	46	71
14032012	51	82
15032012	43	85
16032012	49	78
17032012	66	90
18032012	62	91
19032012	67	89
20032012	54	86
21032012	59	76
22032012	45	82
23032012	62	89
24032012	55	88
25032012	57	88
26032012	69	91
27032012	80	93
28032012	85	93
29032012	67	91
30032012	65	91
31032012	55	91
1042012	61	90
2042012	38	79
3042012	61	82
4042012	57	76
5042012	60	80
6042012	53	78
7042012	60	82
8042012	62	91
9042012	59	87
10042012	61	92
11042012	59	87
12042012	61	85
13042012	56	87
14042012	55	88
15042012	59	90
16042012	51	87
17042012	65	92
18042012	80	93
19042012	63	91
20042012	72	92
21042012	71	89
22042012	74	93
23042012	61	87
24042012	64	90
25042012	64	91
26042012	61	88
27042012	56	89
28042012	41	63
29042012	48	67
30042012	60	76
1052012	56	76
2052012	60	86
3052012	58	86
4052012	57	94
5052012	67	89
6052012	63	90
7052012	63	89
8052012	54	77
9052012	48	78
10052012	49	73
11052012	56	74
12052012	63	84
13052012	58	89
14052012	70	94
15052012	67	93
16052012	55	88
17052012	58	83
18052012	57	82
19052012	59	80
20052012	61	84
21052012	59	82
22052012	63	83
23052012	57	81
24052012	54	86
25052012	58	88
26052012	59	86
27052012	53	90
28052012	46	87
29052012	55	90
30052012	59	89
31052012	56	90
1062012	45	78
2062012	44	87
3062012	53	84
4062012	49	87
5062012	38	86
6062012	42	86
7062012	60	80
8062012	67	85
9062012	54	85
10062012	51	83
11062012	54	84
12062012	49	85
13062012	48	80
14062012	44	78
15062012	52	76
16062012	52	91
17062012	54	89
18062012	62	91
19062012	59	85
20062012	52	88
21062012	44	78
22062012	39	82
23062012	42	80
24062012	36	80
25062012	50	76
26062012	50	76
27062012	48	80
28062012	50	76
29062012	52	91
30062012	49	87
1072012	53	85
2072012	50	86
3072012	40	67
4072012	50	76
5072012	44	69
6072012	50	75
7072012	54	81
8072012	37	76
9072012	41	77
10072012	47	89
11072012	45	89
12072012	51	89
13072012	56	85
14072012	60	88
15072012	58	91
16072012	60	87
17072012	56	82
18072012	60	90
19072012	64	92
20072012	58	88
21072012	61	90
22072012	57	88
23072012	51	77
24072012	53	77
25072012	52	82
26072012	52	75
27072012	51	80
28072012	57	72
29072012	50	83
30072012	50	78
31072012	53	77
1082012	57	87
2082012	66	88
3082012	60	80
4082012	61	90
5082012	66	91
6082012	62	80
7082012	46	82
8082012	56	80
9082012	34	75
10082012	41	72
11082012	47	79
12082012	55	84
13082012	38	89
14082012	44	91
15082012	41	88
16082012	63	90
17082012	47	85
18082012	38	71
19082012	46	76
20082012	37	77
21082012	35	81
22082012	35	86
23082012	41	87
24082012	37	72
25082012	35	63
26082012	39	68
27082012	45	73
28082012	45	75
29082012	45	75
30082012	49	84
31082012	47	72
1092012	34	80
2092012	37	77
3092012	54	75
4092012	59	78
5092012	45	77
6092012	52	79
7092012	41	75
8092012	38	71
9092012	41	82
10092012	53	90
11092012	44	82
12092012	35	77
13092012	31	86
14092012	33	83
15092012	53	86
16092012	36	89
17092012	41	88
18092012	60	92
19092012	65	91
20092012	59	82
21092012	42	77
22092012	39	78
23092012	50	85
24092012	43	78
25092012	61	87
26092012	61	85
27092012	48	77
28092012	70	89
29092012	49	84
30092012	55	84
1102012	39	70
2102012	53	84
3102012	42	88
4102012	37	88
5102012	34	87
6102012	51	91
7102012	46	87
8102012	44	72
9102012	46	70
10102012	49	73
11102012	43	72
12102012	47	71
13102012	53	77
14102012	55	76
15102012	40	73
16102012	43	73
17102012	58	86
18102012	64	93
19102012	70	93
20102012	53	83
21102012	60	84
22102012	56	82
23102012	56	79
24102012	53	82
25102012	52	77
26102012	54	84
27102012	50	75
28102012	59	88
29102012	61	83
30102012	56	81
31102012	60	83
1112012	51	84
2112012	49	80
3112012	55	72
4112012	50	82
5112012	47	83
6112012	62	90
7112012	59	81
8112012	50	80
9112012	48	76
10112012	44	92
11112012	59	91
12112012	48	84
13112012	56	75
14112012	57	79
15112012	53	76
16112012	56	88
17112012	46	72
18112012	58	72
19112012	48	73
20112012	59	77
21112012	42	77
22112012	62	81
23112012	55	82
24112012	52	78
25112012	52	90
26112012	54	90
27112012	62	82
28112012	58	80
29112012	55	76
30112012	36	78
1122012	56	79
2122012	54	81
3122012	53	86
4122012	46	86
5122012	46	73
6122012	48	74
7122012	51	72
8122012	52	89
9122012	55	82
10122012	56	76
11122012	52	80
12122012	56	80
13122012	52	79
14122012	47	71
15122012	44	77
16122012	60	91
17122012	68	91
18122012	71	92
19122012	72	90
20122012	53	91
21122012	62	86
22122012	49	82
23122012	59	80
24122012	49	75
25122012	58	85
26122012	57	82
27122012	56	78
28122012	59	81
29122012	52	83
30122012	46	83
31122012	64	87
1012013	53	86
2012013	69	92
3012013	87	93
4012013	74	93
5012013	69	89
6012013	72	92
7012013	68	90
8012013	64	83
9012013	53	80
10012013	54	83
11012013	51	84
12012013	54	89
13012013	52	81
14012013	54	89
15012013	46	91
16012013	57	77
17012013	54	80
18012013	54	89
19012013	52	83
20012013	57	87
21012013	62	92
22012013	65	87
23012013	66	90
24012013	60	85
25012013	65	89
26012013	67	91
27012013	68	92
28012013	53	88
29012013	56	88
30012013	59	93
31012013	65	93
1022013	73	92
2022013	73	93
3022013	66	83
4022013	66	88
5022013	70	88
6022013	73	89
7022013	66	88
8022013	71	92
9022013	67	87
10022013	63	82
11022013	65	82
12022013	58	88
13022013	67	93
14022013	61	92
15022013	63	88
16022013	58	86
17022013	53	88
18022013	66	94
19022013	61	89
20022013	58	90
21022013	58	90
22022013	78	94
23022013	74	91
24022013	69	92
24022013	63	88
26022013	55	84
27022013	63	86
28022013	66	86
1032013	54	83
2032013	57	88
3032013	63	91
4032013	59	84
5032013	50	82
6032013	52	80
7032013	54	84
8032013	62	87
9032013	62	93
10032013	49	84
11032013	60	90
12032013	59	91
13032013	55	81
14032013	60	81
15032013	63	86
16032013	63	88
17032013	50	83
18032013	55	75
19032013	63	91
20032013	66	91
21032013	74	92
22032013	73	90
23032013	65	89
24032013	56	87
25032013	49	83
26032013	54	84
27032013	51	76
28032013	55	77
29032013	59	86
30032013	66	91
31032013	59	90
1042013	57	90
2042013	46	78
3042013	48	92
4042013	55	93
5042013	58	88
6042013	61	88
7042013	69	90
8042013	64	92
9042013	59	93
10042013	64	85
11042013	57	90
12042013	66	91
13042013	62	88
14042013	59	87
15042013	59	91
16042013	58	91
17042013	62	85
18042013	60	83
19042013	67	92
20042013	67	92
21042013	63	91
21042013	63	89
21042013	63	87
21042013	63	86
25042013	61	85
26042013	67	88
27042013	54	80
28042013	52	85
29042013	54	71
30042013	51	78
1052013	62	88
2052013	48	84
3052013	52	89
4052013	52	78
5052013	56	85
6052013	68	84
7052013	71	91
8052013	58	89
9052013	49	82
10052013	43	82
11052013	41	75
12052013	52	82
13052013	51	93
14052013	62	92
15052013	62	86
16052013	49	81
17052013	51	88
18052013	45	80
19052013	49	88
20052013	49	81
21052013	56	75
22052013	52	82
23052013	68	92
24052013	69	90
25052013	64	83
26052013	65	83
27052013	63	83
28052013	57	81
29052013	61	88
30052013	60	85
31052013	59	84
1062013	67	88
2062013	45	86
3062013	26	72
4062013	33	71
5062013	44	77
6062013	43	74
7062013	55	86
8062013	46	87
9062013	37	81
10062013	62	87
11062013	48	86
12062013	54	89
13062013	60	87
14062013	56	90
15062013	45	83
16062013	57	87
17062013	58	84
18062013	40	86
19062013	53	77
20062013	53	79
21062013	59	83
22062013	56	90
23062013	62	90
24062013	45	78
25062013	44	83
26062013	54	91
27062013	54	82
28062013	57	87
29062013	52	87
30062013	57	86
1072013	63	86
2072013	62	89
3072013	62	87
4072013	53	87
5072013	56	87
6072013	53	79
7072013	40	79
8072013	47	77
9072013	46	79
10072013	45	82
11072013	48	82
12072013	41	74
13072013	50	92
14072013	46	85
15072013	46	87
16072013	53	86
17072013	56	85
18072013	47	81
19072013	42	84
20072013	37	76
21072013	49	73
22072013	29	76
23072013	36	84
24072013	56	86
25072013	53	85
26072013	50	86
27072013	53	76
28072013	23	87
29072013	57	89
30072013	54	83
31072013	51	89
1082013	56	87
2082013	46	83
3082013	43	83
4082013	51	81
5082013	39	88
6082013	46	87
7082013	39	80
8082013	38	88
9082013	46	88
10082013	51	93
11082013	51	89
12082013	47	81
13082013	58	85
14082013	38	76
15082013	45	73
16082013	44	75
17082013	45	75
18082013	54	88
19082013	60	80
20082013	51	82
21082013	41	84
22082013	40	70
23082013	42	76
24082013	45	85
25082013	66	90
26082013	45	90
27082013	26	80
28082013	49	86
29082013	56	87
30082013	56	90
31082013	58	91
1092013	53	80
2092013	50	81
3092013	68	86
4092013	54	76
5092013	55	84
6092013	52	82
7092013	51	81
8092013	44	66
9092013	41	72
10092013	60	78
11092013	32	76
12092013	44	92
13092013	44	89
14092013	45	79
15092013	31	76
16092013	52	74
17092013	54	77
18092013	47	85
19092013	50	93
20092013	39	77
21092013	41	85
22092013	44	85
23092013	51	76
24092013	47	73
25092013	45	74
26092013	46	79
27092013	62	82
28092013	63	82
29092013	57	82
30092013	62	82
1102013	54	81
2102013	48	74
3102013	50	74
4102013	42	83
5102013	40	74
6102013	33	74
7102013	31	75
8102013	56	80
9102013	50	78
10102013	55	87
11102013	67	81
12102013	60	80
13102013	51	81
14102013	61	81
15102013	62	77
16102013	54	82
17102013	49	85
18102013	47	80
19102013	48	82
20102013	55	78
21102013	42	77
22102013	55	75
23102013	48	77
24102013	49	80
25102013	63	86
26102013	60	88
27102013	58	81
28102013	40	78
29102013	63	88
30102013	84	93
31102013	70	94
1112013	59	89
2112013	60	82
3112013	63	86
4112013	66	86
5112013	64	86
6112013	61	88
7112013	57	84
8112013	52	79
9112013	59	79
10112013	56	77
11112013	49	76
12112013	53	76
13112013	48	92
14112013	76	93
15112013	55	92
16112013	60	83
17112013	58	83
18112013	51	80
19112013	48	76
20112013	50	77
21112013	59	75
22112013	58	78
23112013	55	82
24112013	60	89
25112013	71	92
26112013	68	85
27112013	65	85
28112013	64	92
29112013	66	92
30112013	63	92
1122013	70	94
2122013	71	87
3122013	72	91
4122013	63	91
5122013	59	84
6122013	40	80
7122013	59	82
8122013	61	90
9122013	70	90
10122013	66	88
11122013	70	91
12122013	61	82
13122013	64	78
14122013	61	80
15122013	64	85
16122013	60	80
17122013	56	81
18122013	61	86
19122013	64	92
20122013	68	90
21122013	58	85
22122013	48	82
23122013	39	70
24122013	51	82
25122013	57	74
26122013	58	80
27122013	48	79
28122013	63	83
29122013	64	86
30122013	60	82
31122013	56	78
1012014	62	94
2012014	87	96
3012014	78	95
4012014	76	94
5012014	59	91
6012014	69	93
7012014	65	91
8012014	73	93
9012014	74	93
10012014	68	90
11012014	50	83
12012014	68	83
13012014	57	86
14012014	54	76
15012014	56	79
16012014	59	90
17012014	62	92
18012014	58	92
19012014	60	88
20012014	64	89
21012014	56	80
22012014	55	83
23012014	60	90
24012014	62	90
25012014	61	88
26012014	63	79
27012014	59	91
28012014	64	90
29012014	63	90
30012014	59	89
31012014	59	88
1022014	57	93
2022014	62	82
3022014	67	81
4022014	67	86
5022014	62	85
6022014	62	91
7022014	55	92
8022014	69	90
9022014	62	92
10022014	54	87
11022014	47	83
12022014	56	84
13022014	59	86
14022014	65	91
15022014	62	89
16022014	57	81
17022014	60	80
18022014	64	91
19022014	60	83
20022014	66	89
21022014	51	83
22022014	53	80
23022014	53	86
24022014	56	88
25022014	66	90
26022014	57	93
27022014	56	92
28022014	53	85
1032014	41	89
2032014	64	89
3032014	56	88
4032014	49	88
5032014	65	88
6032014	55	80
7032014	60	86
8032014	57	77
9032014	53	78
10032014	58	78
11032014	57	80
12032014	59	85
13032014	50	86
14032014	57	87
15032014	62	82
16032014	63	91
17032014	60	82
18032014	59	85
19032014	65	90
20032014	65	89
21032014	53	89
22032014	56	88
23032014	63	92
24032014	56	89
25032014	56	88
26032014	45	88
27032014	47	85
28032014	47	80
29032014	49	84
30032014	55	79
31032014	52	82
1042014	51	90
2042014	49	75
3042014	54	90
4042014	45	89
5042014	50	90
6042014	48	80
7042014	53	92
8042014	57	85
9042014	49	82
10042014	49	78
11042014	51	80
12042014	51	88
13042014	53	92
14042014	66	91
15042014	65	92
16042014	73	93
17042014	61	88
18042014	59	90
19042014	48	78
20042014	59	85
21042014	59	84
22042014	54	80
23042014	66	89
24042014	56	84
25042014	54	87
26042014	53	93
27042014	65	80
28042014	58	78
29042014	59	85
30042014	61	86
1052014	61	87
2052014	53	87
3052014	51	77
4052014	60	89
5052014	57	83
6052014	52	90
7052014	65	91
8052014	68	92
9052014	63	83
10052014	61	85
11052014	62	89
12052014	57	87
13052014	67	89
14052014	48	89
15052014	53	80
16052014	55	80
17052014	56	83
18052014	56	85
19052014	54	80
20052014	47	83
21052014	42	69
22052014	50	72
23052014	43	80
24052014	44	68
25052014	49	76
26052014	45	78
27052014	57	84
28052014	42	82
29052014	59	92
30052014	60	90
31052014	68	94
1062014	52	79
2062014	64	93
3062014	60	90
4062014	58	80
5062014	47	68
6062014	45	75
7062014	50	75
8062014	56	83
9062014	53	84
10062014	54	75
11062014	48	70
12062014	47	69
13062014	41	68
14062014	38	66
15062014	58	72
16062014	50	74
17062014	60	83
18062014	63	84
19062014	56	81
20062014	61	82
21062014	61	91
22062014	47	93
23062014	48	86
24062014	51	71
25062014	49	72
26062014	43	66
27062014	42	68
28062014	43	82
29062014	51	81
30062014	56	89
1072014	49	72
2072014	45	87
3072014	49	88
4072014	52	90
5072014	51	76
6072014	53	87
7072014	51	78
8072014	56	82
9072014	56	81
10072014	43	83
11072014	32	75
12072014	41	65
13072014	48	71
14072014	65	82
15072014	64	86
16072014	52	85
17072014	59	81
18072014	59	86
19072014	52	78
20072014	58	85
21072014	49	80
22072014	63	92
23072014	59	83
24072014	58	83
25072014	61	87
26072014	67	91
27072014	54	82
28072014	53	83
29072014	60	86
30072014	54	85
31072014	45	74
1082014	52	75
2082014	57	81
3082014	50	88
4082014	48	71
5082014	55	86
6082014	46	87
7082014	59	94
8082014	44	90
9082014	50	88
10082014	47	78
11082014	43	86
12082014	41	80
13082014	51	91
14082014	46	78
15082014	40	84
16082014	48	72
17082014	42	74
18082014	42	93
19082014	54	85
20082014	45	72
21082014	38	76
22082014	51	86
23082014	51	84
24082014	56	88
25082014	62	85
26082014	78	97
27082014	58	95
28082014	48	83
29082014	45	70
30082014	38	88
31082014	35	81
1092014	55	85
2092014	60	83
3092014	51	80
4092014	49	78
5092014	41	76
6092014	41	88
7092014	37	86
8092014	55	93
9092014	51	74
10092014	48	74
11092014	51	88
12092014	52	88
13092014	48	75
14092014	53	77
15092014	47	76
16092014	48	78
17092014	52	83
18092014	53	76
19092014	53	79
20092014	45	73
21092014	48	78
22092014	55	79
23092014	45	77
24092014	59	85
25092014	50	79
26092014	50	95
27092014	63	96
28092014	54	86
29092014	55	89
30092014	45	92
1102014	50	76
2102014	57	79
3102014	61	90
4102014	62	81
5102014	48	77
6102014	55	83
7102014	64	91
8102014	67	90
9102014	62	91
10102014	60	91
11102014	58	85
12102014	53	77
13102014	33	74
14102014	58	92
15102014	65	87
16102014	62	83
17102014	68	90
18102014	60	83
19102014	62	91
20102014	41	83
21102014	60	77
22102014	50	74
23102014	57	85
24102014	49	91
25102014	56	92
26102014	64	93
27102014	69	94
28102014	68	94
29102014	48	78
30102014	36	84
31102014	50	81
1112014	46	77
2112014	45	76
3112014	57	76
4112014	55	91
5112014	56	89
6112014	48	79
7112014	58	90
8112014	68	95
9112014	63	81
10112014	66	87
11112014	62	87
12112014	58	85
13112014	57	87
14112014	52	75
15112014	51	86
16112014	67	95
17112014	57	79
18112014	52	84
19112014	61	84
20112014	60	82
21112014	61	77
22112014	47	82
23112014	53	91
24112014	51	81
25112014	54	75
26112014	55	80
27112014	56	86
28112014	56	93
29112014	65	92
30112014	60	88
1122014	51	82
2122014	55	82
3122014	51	78
4122014	61	94
5122014	65	91
6122014	57	82
7122014	59	76
8122014	56	91
9122014	52	79
10122014	53	92
11122014	44	75
12122014	52	90
13122014	54	78
14122014	61	79
15122014	60	78
16122014	60	78
17122014	62	79
18122014	60	86
19122014	53	94
20122014	61	91
21122014	63	95
22122014	62	79
23122014	60	91
24122014	59	90
25122014	65	93
26122014	63	91
27122014	62	87
28122014	65	96
29122014	56	94
30122014	60	88
31122014	66	92
1012015	65	88
2012015	66	87
3012015	62	92
4012015	61	94
5012015	71	94
6012015	62	84
7012015	62	93
8012015	75	94
9012015	72	93
10012015	58	90
11012015	63	92
12012015	68	92
13012015	64	92
14012015	62	92
15012015	74	94
16012015	50	94
17012015	73	94
18012015	82	96
19012015	70	95
20012015	66	89
21012015	72	92
22012015	65	92
23012015	57	90
24012015	66	96
25012015	65	93
26012015	54	78
27012015	50	78
28012015	53	79
29012015	57	78
30012015	56	83
31012015	55	89
1022015	53	90
2022015	60	93
3022015	52	91
4022015	58	92
5022015	65	95
6022015	74	95
7022015	64	95
8022015	82	94
9022015	64	95
10022015	69	93
11022015	66	91
12022015	56	87
13022015	56	81
14022015	59	90
15022015	57	85
16022015	65	83
17022015	59	82
18022015	53	83
19022015	66	92
20022015	66	95
21022015	70	93
22022015	65	93
23022015	63	89
24022015	59	93
25022015	57	82
26022015	61	86
27022015	58	89
28022015	57	89
1032015	55	84
2032015	53	77
3032015	66	89
4032015	54	95
5032015	52	92
6032015	75	92
7032015	69	97
8032015	83	97
9032015	76	98
10032015	80	97
11032015	74	92
12032015	66	89
13032015	59	89
14032015	43	90
14032015	43	83
16032015	48	75
17032015	55	84
18032015	59	94
19032015	68	83
20032015	61	91
21032015	56	85
22032015	63	92
23032015	67	93
24032015	51	87
25032015	58	76
26032015	55	80
27032015	61	85
28032015	56	83
29032015	62	83
30032015	57	87
31032015	64	85
1042015	58	85
2042015	60	82
3042015	59	83
4042015	59	83
5042015	56	87
6042015	63	94
7042015	67	95
8042015	63	89
9042015	62	88
10042015	58	87
11042015	62	88
12042015	52	90
13042015	50	89
14042015	59	85
15042015	56	89
16042015	62	82
17042015	52	81
18042015	61	93
19042015	54	91
20042015	53	86
21042015	52	82
22042015	61	91
23042015	63	88
24042015	58	83
25042015	50	82
26042015	52	79
27042015	59	86
28042015	63	88
29042015	60	84
30042015	76	96
1052015	61	95
2052015	69	91
3052015	62	90
4052015	62	82
5052015	60	82
6052015	65	81
7052015	64	86
8052015	69	94
9052015	65	94
10052015	74	94
11052015	68	90
12052015	65	93
13052015	60	92
14052015	63	91
15052015	57	85
16052015	62	91
17052015	57	86
18052015	54	91
19052015	48	78
20052015	53	88
21052015	58	73
22052015	58	92
23052015	54	87
24052015	59	85
25052015	60	85
26052015	45	81
27052015	43	73
28052015	48	72
29052015	49	76
30052015	52	67
31052015	53	85
1062015	73	86
2062015	60	87
3062015	58	80
4062015	57	78
5062015	70	88
6062015	64	90
7062015	63	86
8062015	43	82
9062015	53	75
10062015	48	81
11062015	58	86
12062015	58	88
13062015	69	88
14062015	53	88
15062015	60	87
16062015	65	86
17062015	50	81
18062015	62	82
19062015	58	78
20062015	69	90
21062015	60	88
22062015	65	86
23062015	61	79
24062015	61	80
25062015	59	79
26062015	63	82
27062015	54	83
28062015	56	87
29062015	64	89
30062015	61	89
1072015	56	89
2072015	62	84
3072015	57	84
4072015	68	85
5072015	60	83
6072015	51	83
7072015	57	82
8072015	53	79
9072015	46	83
10072015	38	81
11072015	52	80
12072015	46	81
13072015	48	70
14072015	46	77
15072015	55	79
16072015	58	89
17072015	42	87
18072015	59	88
19072015	50	82
20072015	47	84
21072015	44	79
22072015	47	67
23072015	44	67
24072015	46	67
25072015	48	73
26072015	38	74
27072015	54	78
28072015	44	78
29072015	46	81
30072015	57	72
31072015	58	74
1082015	56	77
2082015	54	77
3082015	54	70
4082015	60	84
5082015	52	87
6082015	59	87
7082015	72	89
8082015	57	88
9082015	57	85
10082015	57	83
11082015	57	77
12082015	41	75
13082015	47	84
14082015	52	83
15082015	37	80
16082015	44	81
17082015	47	80
18082015	57	79
19082015	61	86
20082015	55	79
21082015	55	82
22082015	54	81
23082015	55	83
24082015	51	78
25082015	59	87
26082015	55	82
27082015	39	68
28082015	51	79
29082015	40	68
30082015	50	84
31082015	45	82
1092015	44	75
2092015	50	76
3092015	54	72
4092015	50	89
5092015	68	89
6092015	56	86
7092015	40	68
8092015	39	71
9092015	53	88
10092015	41	85
11092015	58	86
12092015	58	80
13092015	75	90
14092015	52	85
15092015	54	82
16092015	40	84
17092015	46	70
18092015	44	75
19092015	55	85
20092015	52	85
21092015	44	83
22092015	34	75
23092015	42	85
24092015	50	85
25092015	44	83
26092015	53	86
27092015	44	85
28092015	41	74
29092015	35	85
30092015	59	86
1102015	45	82
2102015	64	90
3102015	68	85
4102015	56	81
5102015	62	87
6102015	64	85
7102015	61	74
8102015	51	72
9102015	56	75
10102015	43	77
11102015	48	78
12102015	50	77
13102015	52	75
14102015	43	74
15102015	42	69
16102015	45	78
17102015	58	73
18102015	51	74
19102015	48	80
20102015	49	78
21102015	40	69
22102015	42	78
23102015	50	75
24102015	55	90
25102015	73	89
26102015	58	89
27102015	64	89
28102015	55	80
29102015	61	88
30102015	47	71
31102015	53	80
1112015	44	72
2112015	54	72
3112015	63	80
4112015	70	89
5112015	73	90
6112015	53	88
7112015	49	86
8112015	56	80
9112015	40	69
10112015	48	69
11112015	46	73
12112015	47	84
13112015	59	78
14112015	62	79
15112015	59	78
16112015	51	78
17112015	57	80
18112015	37	74
19112015	56	84
20112015	48	89
21112015	51	81
22112015	52	76
23112015	49	77
24112015	57	81
25112015	59	86
26112015	58	76
27112015	58	77
28112015	56	77
29112015	57	77
30112015	57	84
1122015	57	84
2122015	58	84
3122015	57	87
4122015	45	84
5122015	45	79
6122015	52	78
7122015	61	77
8122015	59	74
9122015	52	88
10122015	61	89
11122015	69	90
12122015	56	79
13122015	57	77
14122015	56	78
15122015	57	82
16122015	62	83
17122015	62	76
18122015	56	86
19122015	57	78
20122015	57	73
21122015	53	73
22122015	47	72
23122015	50	84
24122015	49	87
25122015	44	75
26122015	48	74
27122015	49	76
28122015	51	77
29122015	52	85
30122015	66	89
31122015	61	90
1012016	67	92
2012016	58	90
3012016	66	86
4012016	63	87
5012016	63	85
6012016	45	83
7012016	44	82
8012016	64	88
9012016	58	85
10012016	68	87
11012016	64	85
12012016	66	88
13012016	59	87
14012016	63	89
15012016	64	81
16012016	60	80
17012016	62	80
18012016	61	82
19012016	64	84
20012016	54	81
21012016	59	74
22012016	59	83
23012016	64	86
24012016	62	86
25012016	62	83
26012016	54	84
27012016	55	88
28012016	57	73
29012016	56	73
30012016	44	76
31012016	53	83
1022016	52	70
2022016	52	70
3022016	46	71
4022016	51	82
5022016	57	89
6022016	66	86
7022016	69	90
8022016	78	91
9022016	76	91
10022016	84	91
11022016	76	91
12022016	69	89
13022016	62	87
14022016	62	87
15022016	54	89
16022016	54	89
17022016	54	89
18022016	54	89
19022016	64	87
20022016	62	83
21022016	62	83
22022016	62	84
23022016	62	84
24022016	63	89
25022016	63	89
26022016	63	89
27022016	73	91
28022016	64	89
29022016	64	86
1032016	57	85
2032016	68	80
3032016	63	83
4032016	60	87
5032016	66	89
6032016	70	87
7032016	53	82
8032016	64	88
9032016	60	89
10032016	51	78
11032016	61	85
12032016	60	85
13032016	63	83
14032016	63	84
15032016	62	80
16032016	74	90
17032016	70	92
18032016	61	89
19032016	57	87
20032016	45	76
21032016	63	82
22032016	60	85
23032016	56	88
24032016	64	90
25032016	65	90
26032016	50	89
27032016	50	83
28032016	46	79
29032016	37	69
30032016	62	89
31032016	53	74
1042016	57	87
2042016	57	82
3042016	62	84
4042016	56	94
5042016	52	89
6042016	61	94
7042016	51	89
8042016	53	84
9042016	57	88
10042016	59	89
11042016	65	89
12042016	61	88
13042016	67	92
14042016	53	89
15042016	60	91
16042016	65	89
17042016	52	89
18042016	49	78
19042016	52	83
20042016	51	77
21042016	59	85
22042016	54	85
23042016	57	79
24042016	55	82
25042016	57	88
26042016	59	82
27042016	55	86
28042016	59	85
29042016	53	86
30042016	54	79
1052016	61	86
2052016	61	86
3052016	61	86
4052016	58	88
5052016	57	87
6052016	53	83
7052016	45	86
8052016	41	81
9052016	47	77
10052016	42	73
11052016	44	83
12052016	44	85
13052016	57	90
14052016	53	76
15052016	52	72
16052016	48	90
17052016	53	92
18052016	56	85
19052016	47	87
20052016	45	74
21052016	41	84
22052016	44	81
23052016	46	88
24052016	42	83
25052016	44	86
26052016	51	92
27052016	49	88
28052016	46	73
29052016	46	71
30052016	51	74
31052016	53	92
1062016	58	90
2062016	42	93
3062016	61	93
4062016	64	90
5062016	51	81
6062016	54	87
7062016	57	87
8062016	52	88
9062016	42	71
10062016	42	74
11062016	55	76
12062016	53	88
13062016	61	89
14062016	52	81
15062016	65	92
16062016	61	92
17062016	54	79
18062016	43	90
19062016	58	89
20062016	60	93
21062016	57	89
22062016	43	80
23062016	56	90
24062016	54	80
25062016	49	74
26062016	43	76
27062016	52	85
28062016	43	70
29062016	52	87
30062016	44	85
1072016	48	84
2072016	43	73
3072016	44	75
4072016	46	83
5072016	44	75
6072016	51	69
7072016	46	72
8072016	35	74
9072016	51	83
10072016	48	85
11072016	46	83
12072016	45	85
13072016	51	86
14072016	55	89
15072016	47	90
16072016	49	90
17072016	55	83
18072016	55	74
19072016	72	95
20072016	72	95
21072016	63	87
22072016	56	87
23072016	56	93
24072016	49	92
25072016	60	88
26072016	34	86
27072016	48	74
28072016	47	87
29072016	57	88
30072016	54	89
31072016	64	87
1082016	51	88
2082016	53	88
3082016	54	78
4082016	64	94
5082016	73	94
6082016	66	91
7082016	69	88
8082016	52	81
9082016	70	92
10082016	52	92
11082016	68	92
12082016	59	90
13082016	59	90
14082016	48	88
15082016	52	89
16082016	45	76
17082016	47	72
18082016	42	74
19082016	60	85
20082016	53	86
21082016	49	83
22082016	46	88
23082016	50	83
24082016	49	85
25082016	57	88
26082016	56	91
27082016	52	90
28082016	40	83
29082016	48	80
30082016	52	78
31082016	47	69
1092016	49	90
1102016	50	77
1112016	48	81
1122016	57	87
2092016	49	86
2102016	51	83
2112016	64	93
2122016	56	90
3092016	42	87
3102016	62	93
3112016	64	90
3122016	70	94
4092016	51	85
4102016	61	93
4112016	61	92
4122016	65	93
5092016	49	91
5102016	55	89
5112016	48	84
5122016	53	76
6092016	44	86
6102016	72	93
6112016	42	66
6122016	52	75
7092016	49	89
7102016	79	95
7112016	43	71
7122016	49	75
8092016	42	83
8102016	68	95
8112016	36	72
8122016	55	82
9092016	45	82
9102016	60	89
9112016	54	89
9122016	55	95
10092016	43	86
10102016	60	84
10112016	51	82
10122016	46	85
11092016	42	74
11102016	49	82
11112016	50	88
11122016	53	79
12092016	52	87
12102016	45	75
12112016	60	93
12122016	60	85
13092016	47	88
13102016	54	84
13112016	59	93
13122016	47	80
14092016	52	75
14102016	41	80
14112016	60	90
14122016	57	77
15092016	43	66
15102016	59	79
15112016	60	84
15122016	57	84
16092016	41	83
16102016	56	79
16112016	62	80
16122016	47	81
17092016	39	71
17102016	56	79
17112016	57	91
17122016	51	90
18092016	48	84
18102016	56	80
18112016	53	89
18122016	60	92
19092016	43	81
19102016	46	75
19112016	60	89
19122016	52	79
20092016	54	78
20102016	50	77
20112016	59	87
20122016	48	85
21092016	62	81
21102016	53	89
21112016	56	78
21122016	48	89
22092016	55	84
22102016	49	87
22112016	55	80
22122016	49	87
23092016	41	81
23102016	47	87
23112016	57	78
23122016	56	82
24092016	54	85
24102016	51	92
24112016	53	84
24122016	56	87
25092016	57	81
25102016	53	87
25112016	58	90
25122016	59	77
26092016	52	84
26102016	59	79
26112016	53	78
26122016	44	78
27092016	48	91
27102016	47	79
27112016	66	91
27122016	42	75
28092016	49	88
28102016	61	88
28112016	66	87
28122016	53	70
29092016	51	87
29102016	57	87
29112016	58	87
29122016	50	80
30092016	30	84
30102016	58	88
30112016	56	90
30122016	53	77
31102016	57	83
31122016	54	77
1012017	59	73
2012017	47	84
3012017	48	81
4012017	50	81
5012017	47	78
6012017	32	85
7012017	47	72
8012017	56	75
9012017	54	93
10012017	56	89
11012017	47	78
12012017	50	76
13012017	44	77
14012017	52	72
15012017	39	83
16012017	60	93
17012017	54	89
18012017	51	89
19012017	55	75
20012017	54	92
21012017	47	80
22012017	55	87
23012017	50	70
24012017	49	71
25012017	50	78
26012017	53	86
27012017	61	92
28012017	59	84
29012017	59	83
30012017	58	82
31012017	57	77
1022017	57	84
2022017	61	94
3022017	54	89
4022017	63	91
5022017	59	91
6022017	65	90
7022017	76	96
8022017	76	94
9022017	79	89
10022017	75	92
11022017	70	92
12022017	67	91
13022017	66	90
14022017	66	83
15022017	62	80
16022017	54	86
17022017	49	87
18022017	46	95
19022017	61	94
20022017	67	93
21022017	55	90
22022017	60	87
23022017	57	79
24022017	56	84
25022017	63	94
26022017	63	82
27022017	61	87
28022017	53	83
1032017	56	78
2032017	45	74
3032017	54	90
4032017	61	88
5032017	58	93
6032017	54	89
7032017	65	94
8032017	60	89
9032017	61	86
10032017	73	94
11032017	67	85
12032017	70	88
13032017	73	96
14032017	69	95
15032017	67	95
16032017	59	95
17032017	61	91
18032017	57	93
19032017	58	95
20032017	65	91
21032017	50	82
22032017	54	80
23032017	60	93
24032017	60	94
25032017	55	89
26032017	69	93
27032017	67	87
28032017	64	87
29032017	60	83
30032017	63	90
31032017	60	94
1042017	59	88
2042017	59	82
3042017	56	76
4042017	51	74
5042017	59	77
6042017	64	93
7042017	55	78
8042017	61	89
9042017	53	77
10042017	54	79
11042017	57	81
12042017	52	77
13042017	57	71
14042017	60	84
15042017	65	96
16042017	61	85
17042017	56	84
18042017	59	91
19042017	74	94
20042017	68	94
21042017	70	92
22042017	74	94
23042017	54	90
24042017	55	88
25042017	59	89
26042017	64	81
27042017	60	81
28042017	55	85
29042017	56	76
30042017	57	80
1052017	58	77
2052017	56	94
3052017	58	94
4052017	62	90
5052017	63	92
6052017	65	91
7052017	61	88
8052017	64	91
9052017	51	75
10052017	48	89
11052017	55	87
12052017	65	90
13052017	52	83
14052017	51	92
15052017	54	90
16052017	61	85
17052017	60	81
18052017	54	89
19052017	59	93
20052017	58	84
21052017	58	90
22052017	57	76
23052017	53	84
24052017	56	78
25052017	51	74
26052017	62	90
27052017	50	91
28052017	51	81
29052017	60	76
30052017	62	80
31052017	57	88
1062017	52	76
2062017	62	95
3062017	53	91
4062017	51	75
5062017	52	69
6062017	47	79
7062017	62	93
8062017	69	93
9062017	75	93
10062017	55	93
11062017	48	91
12062017	46	89
13062017	59	89
14062017	43	91
15062017	51	73
16062017	46	92
17062017	61	94
18062017	58	87
19062017	56	78
20062017	53	80
21062017	60	81
22062017	60	82
23062017	45	71
24062017	42	73
25062017	45	84
26062017	50	84
27062017	53	84
28062017	42	81
29062017	46	86
30062017	51	90
1072017	48	93
2072017	51	90
3072017	57	85
4072017	56	93
5072017	50	85
6072017	36	78
7072017	46	88
8072017	44	76
9072017	37	79
10072017	61	89
11072017	59	92
12072017	57	92
13072017	47	83
14072017	55	78
15072017	49	77
16072017	45	77
17072017	59	81
18072017	31	83
19072017	43	79
20072017	64	88
21072017	63	88
22072017	56	86
23072017	47	71
24072017	49	78
25072017	56	85
26072017	53	82
27072017	47	91
28072017	57	87
29072017	44	82
30072017	53	79
31072017	58	84
1082017	42	85
2082017	34	67
3082017	39	77
4082017	41	66
5082017	38	82
6082017	47	91
7082017	36	80
8082017	42	89
9082017	48	81
10082017	55	77
11082017	38	85
12082017	47	91
13082017	48	93
14082017	56	91
15082017	45	91
16082017	57	91
17082017	51	90
18082017	51	90
19082017	51	84
20082017	54	93
21082017	49	81
22082017	48	92
23082017	57	84
24082017	54	79
25082017	47	85
26082017	50	80
27082017	51	76
28082017	48	91
29082017	53	92
30082017	65	95
31082017	61	89
1092017	55	87
2092017	51	90
3092017	59	80
4092017	48	80
5092017	39	88
6092017	36	62
7092017	39	75
8092017	47	85
9092017	50	86
10092017	40	70
11092017	47	76
12092017	33	71
13092017	37	69
14092017	41	67
15092017	45	78
16092017	45	79
17092017	51	75
18092017	50	71
19092017	47	76
20092017	54	79
21092017	50	82
22092017	59	91
23092017	60	93
24092017	59	86
25092017	55	82
26092017	57	88
27092017	60	89
28092017	59	83
29092017	55	82
30092017	55	84
1102017	56	91
2102017	51	75
3102017	51	75
4102017	47	78
5102017	43	80
6102017	29	67
7102017	38	66
8102017	44	67
9102017	46	71
10102017	50	77
11102017	60	82
12102017	57	82
13102017	54	81
14102017	51	90
15102017	60	93
16102017	58	81
17102017	60	90
18102017	62	93
19102017	58	84
20102017	52	81
21102017	40	68
22102017	37	73
23102017	43	75
24102017	49	77
25102017	48	77
26102017	47	83
27102017	43	77
28102017	47	90
29102017	48	83
30102017	56	82
31102017	41	90
1112017	45	90
2112017	45	84
3112017	46	72
4112017	52	76
5112017	49	64
6112017	46	71
7112017	49	78
8112017	51	77
9112017	58	82
10112017	61	92
11112017	66	90
12112017	66	85
13112017	65	91
14112017	51	93
15112017	64	92
16112017	54	90
17112017	63	91
18112017	60	92
19112017	57	81
20112017	55	78
21112017	52	80
22112017	52	89
23112017	49	74
24112017	56	91
25112017	50	80
26112017	60	90
27112017	60	80
28112017	53	81
29112017	52	80
30112017	59	76
1122017	56	89
2122017	47	76
3122017	44	90
4122017	39	73
5122017	39	73
6122017	37	81
7122017	54	80
8122017	52	81
9122017	54	81
10122017	51	74
11122017	51	74
12122017	51	74
13122017	51	74
14122017	51	74
15122017	51	74
16122017	51	74
17122017	51	74
18122017	48	72
19122017	46	72
20122017	46	72
21122017	48	73
22122017	48	67
23122017	41	73
24122017	46	73
25122017	46	73
26122017	56	88
27122017	52	83
28122017	54	89
29122017	54	91
30122017	56	81
31122017	56	75
1012018	52	83
2012018	45	82
3012018	74	95
4012018	69	96
5012018	69	95
6012018	71	94
7012018	77	95
8012018	80	93
9012018	71	93
10012018	70	94
11012018	67	94
12012018	67	95
13012018	50	91
14012018	46	90
15012018	49	70
16012018	41	76
17012018	55	93
18012018	71	95
19012018	72	95
20012018	68	93
21012018	63	91
22012018	58	86
23012018	64	86
24012018	50	90
25012018	67	91
26012018	68	95
27012018	67	83
28012018	62	88
29012018	60	86
30012018	64	86
31012018	59	79
1022018	61	85
2022018	55	85
3022018	58	86
4022018	61	86
5022018	61	84
6022018	62	89
7022018	63	92
8022018	63	92
9022018	61	91
10022018	63	85
11022018	63	90
12022018	70	90
13022018	66	87
14022018	61	88
15022018	61	90
16022018	63	85
17022018	59	86
18022018	63	88
19022018	65	90
20022018	60	89
21022018	55	84
22022018	62	92
23022018	58	88
24022018	63	87
25022018	64	86
26022018	58	89
27022018	62	90
28022018	61	86
1032018	59	88
2032018	58	88
3032018	66	91
4032018	65	95
5032018	81	96
6032018	66	96
7032018	57	86
8032018	60	88
9032018	54	85
10032018	54	86
11032018	54	81
12032018	51	86
13032018	50	88
14032018	56	92
15032018	67	89
16032018	72	92
17032018	68	90
18032018	64	93
19032018	72	91
20032018	76	92
21032018	72	92
22032018	62	91
23032018	61	87
24032018	62	86
25032018	60	93
26032018	63	92
27032018	64	87
28032018	59	85
29032018	61	85
30032018	56	82
31032018	60	80
1042018	66	93
2042018	60	82
3042018	62	86
4042018	62	86
5042018	66	91
6042018	59	92
7042018	63	89
8042018	64	92
9042018	57	87
10042018	61	86
11042018	61	84
12042018	48	86
13042018	56	87
14042018	55	78
15042018	57	82
16042018	55	84
17042018	59	85
18042018	54	82
19042018	63	91
20042018	65	84
21042018	65	90
22042018	63	92
23042018	70	92
24042018	43	96
25042018	60	91
26042018	57	89
27042018	50	88
28042018	44	81
29042018	52	72
30042018	48	85
1052018	58	76
2052018	62	92
3052018	58	79
4052018	50	75
5052018	55	88
6052018	46	89
7052018	56	81
8052018	58	81
9052018	64	87
10052018	58	83
11052018	57	85
12052018	63	85
13052018	54	87
14052018	49	80
15052018	60	86
16052018	61	84
17052018	56	87
18052018	52	90
19052018	56	90
20052018	51	83
21052018	58	90
22052018	60	88
23052018	62	91
24052018	45	81
25052018	57	92
26052018	54	78
27052018	53	80
28052018	59	86
29052018	54	85
30052018	55	84
31052018	51	87
1062018	45	72
2062018	58	88
3062018	55	90
4062018	59	89
5062018	52	89
6062018	70	92
7062018	57	85
8062018	69	90
9062018	65	91
10062018	63	90
11062018	61	85
12062018	50	86
13062018	57	83
14062018	57	83
15062018	47	87
16062018	50	74
17062018	51	83
18062018	59	85
19062018	53	84
20062018	55	84
21062018	55	85
22062018	59	90
23062018	56	85
24062018	56	80
25062018	57	73
26062018	49	69
27062018	38	74
28062018	49	86
29062018	51	86
30062018	63	84
1072018	50	83
2072018	55	72
3072018	53	89
4072018	50	90
5072018	51	90
6072018	49	79
7072018	44	75
8072018	58	75
9072018	51	67
10072018	47	86
11072018	40	77
12072018	50	82
13072018	46	68
14072018	40	77
15072018	46	76
16072018	38	79
17072018	52	81
18072018	51	85
19072018	50	77
20072018	54	85
21072018	53	92
22072018	52	83
23072018	40	86
24072018	54	87
25072018	67	89
26072018	55	87
27072018	48	85
28072018	44	62
29072018	44	66
30072018	50	73
31072018	60	82
1082018	55	88
2082018	62	87
3082018	66	86
4082018	56	86
5082018	49	88
6082018	46	70
7082018	46	66
8082018	45	68
9082018	53	78
10082018	57	82
11082018	52	78
12082018	46	70
13082018	42	69
14082018	45	72
15082018	42	72
16082018	37	85
17082018	44	85
18082018	44	72
19082018	34	71
20082018	54	90
21082018	56	92
22082018	40	69
23082018	48	70
24082018	57	74
25082018	44	83
26082018	43	84
27082018	48	79
28082018	48	87
29082018	52	87
30082018	36	75
31082018	51	73
1092018	45	80
2092018	47	85
3092018	58	89
4092018	59	90
5092018	44	90
6092018	61	86
7092018	66	91
8092018	45	81
9092018	47	84
10092018	48	75
11092018	59	79
12092018	59	81
13092018	61	81
14092018	51	77
15092018	45	74
16092018	47	82
17092018	58	80
18092018	58	80
19092018	42	74
20092018	49	75
21092018	47	75
22092018	45	78
23092018	44	78
24092018	56	79
25092018	54	77
26092018	43	79
27092018	47	72
28092018	50	79
29092018	43	80
30092018	58	93
1102018	59	84
2102018	55	87
3102018	52	80
4102018	53	72
5102018	46	74
6102018	58	81
7102018	60	85
8102018	54	85
9102018	49	81
10102018	56	92
11102018	39	89
12102018	46	75
13102018	50	88
14102018	60	89
15102018	54	83
16102018	51	90
17102018	62	90
18102018	61	86
19102018	69	91
20102018	70	92
21102018	66	87
22102018	73	92
23102018	49	76
24102018	41	82
25102018	51	82
26102018	51	81
27102018	54	83
28102018	54	81
29102018	59	79
30102018	60	77
31102018	64	92
1112018	68	89
2112018	60	84
3112018	63	79
4112018	60	82
5112018	51	81
6112018	53	84
7112018	55	81
8112018	60	79
9112018	61	80
10112018	58	75
11112018	59	86
12112018	63	85
13112018	62	85
14112018	62	85
15112018	69	88
16112018	54	86
17112018	46	77
18112018	57	89
19112018	53	78
20112018	52	87
21112018	54	86
22112018	55	92
23112018	53	90
24112018	62	88
25112018	51	81
26112018	54	90
27112018	66	91
28112018	56	77
29112018	60	82
30112018	64	82
1122018	57	81
2122018	43	75
3122018	55	79
4122018	53	78
5122018	56	88
6122018	49	88
7122018	49	79
8122018	52	75
9122018	50	79
10122018	61	84
11122018	60	77
12122018	60	92
13122018	55	84
14122018	57	86
15122018	52	84
16122018	52	90
17122018	43	79
18122018	45	83
19122018	47	82
20122018	55	88
21122018	52	76
22122018	58	92
23122018	61	87
24122018	60	87
25122018	62	84
26122018	62	82
27122018	60	85
28122018	61	85
29122018	60	89
30122018	62	81
31122018	55	74
1012019	53	75
2012019	63	80
3012019	56	90
4012019	63	84
5012019	61	80
6012019	57	78
7012019	64	93
8012019	67	93
9012019	62	91
10012019	60	91
11012019	65	89
12012019	65	88
13012019	60	83
14012019	53	77
15012019	53	78
16012019	55	80
17012019	65	93
18012019	64	88
19012019	67	83
20012019	61	81
21012019	57	75
22012019	56	78
23012019	57	75
24012019	61	89
25012019	61	90
26012019	67	93
27012019	72	92
28012019	71	93
29012019	59	87
30012019	54	87
31012019	57	83
1022019	54	78
2022019	53	84
3022019	61	85
4022019	61	84
5022019	65	90
6022019	70	91
7022019	62	91
8022019	64	86
9022019	55	80
10022019	46	85
11022019	49	82
12022019	59	87
13022019	53	76
14022019	51	86
15022019	53	86
16022019	50	83
17022019	60	91
18022019	60	82
19022019	68	88
20022019	69	91
21022019	63	89
22022019	64	83
23022019	64	86
24022019	64	83
25022019	56	77
26022019	55	89
27022019	57	92
28022019	53	80
1032019	53	75
2032019	58	87
3032019	57	78
4032019	61	80
5032019	50	79
6032019	56	90
7032019	57	85
8032019	55	85
9032019	55	86
10032019	53	82
11032019	55	82
12032019	54	81
13032019	57	82
14032019	55	83
15032019	52	83
16032019	56	82
17032019	54	81
18032019	62	84
19032019	59	80
20032019	60	81
21032019	59	78
22032019	51	78
23032019	60	93
24032019	60	83
25032019	57	76
26032019	55	80
27032019	55	93
28032019	57	92
29032019	59	82
30032019	56	78
31032019	58	82
1042019	57	84
2042019	51	89
3042019	56	94
4042019	61	90
5042019	59	82
6042019	64	91
7042019	49	76
8042019	57	94
9042019	58	97
10042019	63	93
11042019	57	88
12042019	65	93
13042019	61	88
14042019	65	92
15042019	69	95
16042019	69	91
17042019	67	84
18042019	68	84
19042019	58	95
20042019	60	97
21042019	68	95
22042019	70	98
23042019	66	94
24042019	63	93
25042019	63	91
26042019	55	77
27042019	55	73
28042019	54	85
29042019	56	86
30042019	50	85
1052019	53	73
2052019	53	90
3052019	59	90
4052019	56	90
5052019	62	89
6052019	63	93
7052019	70	95
8052019	55	92
9052019	59	93
10052019	49	75
11052019	58	84
12052019	57	79
13052019	49	82
14052019	58	86
15052019	59	88
16052019	54	90
17052019	60	86
18052019	57	91
19052019	60	94
20052019	70	91
21052019	66	94
22052019	49	92
23052019	66	94
24052019	65	91
25052019	57	91
26052019	56	91
27052019	50	87
28052019	56	89
29052019	53	86
30052019	57	76
31052019	55	77
1062019	54	85
2062019	54	87
3062019	56	88
4062019	41	87
5062019	56	91
6062019	61	90
7062019	66	94
8062019	58	92
9062019	63	88
10062019	55	86
11062019	55	77
12062019	48	77
13062019	48	89
14062019	52	88
15062019	51	87
16062019	59	88
17062019	55	82
18062019	48	87
19062019	46	84
20062019	51	88
21062019	47	87
22062019	59	93
23062019	54	91
24062019	60	95
25062019	67	96
26062019	75	93
27062019	72	95
28062019	58	90
29062019	55	89
30062019	53	81
1072019	51	85
2072019	54	77
3072019	49	84
4072019	52	86
5072019	57	89
6072019	44	77
7072019	63	81
8072019	61	84
9072019	58	89
10072019	64	88
11072019	55	85
12072019	55	88
13072019	48	89
14072019	49	82
15072019	50	94
16072019	39	85
17072019	52	91
18072019	44	86
19072019	60	88
20072019	56	89
21072019	60	93
22072019	58	94
23072019	51	90
24072019	53	74
25072019	54	75
26072019	57	79
27072019	66	86
28072019	67	90
29072019	68	90
30072019	72	93
31072019	71	92
1082019	67	85
2082019	57	88
3082019	40	76
4082019	51	77
5082019	55	82
6082019	51	90
7082019	34	87
8082019	51	79
9082019	49	82
10082019	51	86
11082019	61	94
12082019	61	94
13082019	49	77
14082019	57	76
15082019	47	80
16082019	43	77
17082019	46	81
18082019	49	85
19082019	47	91
20082019	61	90
21082019	65	90
22082019	65	88
23082019	44	90
24082019	46	83
25082019	56	83
26082019	42	74
27082019	45	69
28082019	49	73
29082019	45	92
30082019	41	79
31082019	53	88
1092019	55	82
2092019	38	73
3092019	51	76
4092019	47	73
5092019	54	78
6092019	58	82
7092019	45	85
8092019	56	82
9092019	51	81
10092019	49	84
11092019	51	89
12092019	60	90
13092019	49	82
14092019	55	92
15092019	64	89
16092019	50	85
17092019	56	85
18092019	54	89
19092019	58	88
20092019	46	90
21092019	49	71
22092019	50	88
23092019	56	91
24092019	53	87
25092019	53	83
26092019	63	82
27092019	56	78
28092019	44	75
29092019	58	75
30092019	61	80
1102019	55	83
2102019	56	81
3102019	57	89
4102019	58	86
5102019	64	81
6102019	59	80
7102019	52	90
8102019	51	90
9102019	50	85
10102019	50	86
11102019	48	77
12102019	58	79
13102019	61	90
14102019	56	87
15102019	64	93
16102019	46	84
17102019	49	76
18102019	43	66
19102019	41	63
20102019	45	73
21102019	64	89
22102019	75	96
23102019	69	92
24102019	62	90
25102019	62	87
26102019	73	90
27102019	64	87
28102019	70	85
29102019	58	89
30102019	57	89
31102019	59	84
1112019	60	82
2112019	60	94
3112019	48	84
4112019	53	80
5112019	64	89
6112019	51	91
7112019	43	67
8112019	60	91
9112019	53	84
10112019	47	76
11112019	52	80
12112019	52	95
13112019	63	92
14112019	65	91
15112019	68	92
16112019	59	92
17112019	77	93
18112019	69	93
19112019	67	93
20112019	68	90
21112019	65	88
22112019	62	82
23112019	76	93
24112019	64	93
25112019	67	93
26112019	59	84
27112019	62	89
28112019	65	88
29112019	58	86
30112019	52	87
1122019	47	74
2122019	46	74
3122019	47	73
4122019	58	76
5122019	45	78
6122019	58	85
7122019	60	86
8122019	59	83
9122019	63	85
10122019	67	84
11122019	57	92
12122019	65	87
13122019	65	92
14122019	64	84
15122019	60	80
16122019	61	84
17122019	52	86
18122019	59	88
19122019	53	86
20122019	50	91
21122019	45	95
22122019	47	82
23122019	56	96
24122019	50	87
25122019	58	91
26122019	54	96
27122019	72	94
28122019	60	91
29122019	52	82
30122019	68	91
31122019	66	91
1012020	66	89
2012020	69	96
3012020	65	94
4012020	67	96
5012020	77	96
6012020	67	93
7012020	66	90
8012020	61	93
9012020	66	91
10012020	57	87
11012020	58	96
12012020	63	92
13012020	61	91
14012020	58	84
15012020	66	82
16012020	70	90
17012020	65	92
18012020	59	93
19012020	69	95
20012020	71	95
21012020	75	97
22012020	73	96
23012020	70	93
24012020	85	95
25012020	66	93
26012020	56	91
27012020	55	87
28012020	50	85
29012020	54	84
30012020	60	87
31012020	57	82
1022020	60	79
2022020	49	95
3022020	68	95
4022020	55	79
5022020	54	78
6022020	50	84
7022020	59	78
8022020	52	82
9022020	51	94
10022020	60	84
11022020	60	89
12022020	58	94
13022020	56	81
14022020	63	81
15022020	77	95
16022020	61	86
17022020	54	79
18022020	59	92
19022020	55	78
20022020	55	79
21022020	54	85
22022020	54	86
23022020	52	86
24022020	59	84
25022020	63	88
26022020	70	97
27022020	73	94
28022020	66	83
29022020	59	82
1032020	65	89
2032020	72	94
3032020	60	89
4032020	65	91
5032020	69	92
6032020	73	94
7032020	77	94
8032020	61	94
9032020	78	96
10032020	54	96
11032020	70	96
12032020	68	89
13032020	74	95
14032020	74	93
15032020	63	88
16032020	55	90
17032020	61	92
18032020	53	89
19032020	54	88
20032020	54	88
21032020	51	83
22032020	55	85
23032020	63	93
24032020	74	95
25032020	61	80
26032020	66	92
27032020	62	93
28032020	61	91
29032020	66	96
30032020	68	96
31032020	70	96
1042020	57	90
2042020	58	93
3042020	62	96
4042020	57	93
5042020	61	90
6042020	56	89
7042020	57	94
8042020	58	92
9042020	53	84
10042020	54	94
11042020	67	93
12042020	70	93
13042020	66	90
14042020	43	86
15042020	60	90
16042020	51	91
17042020	56	95
18042020	57	89
19042020	69	92
20042020	58	83
21042020	63	95
22042020	65	91
23042020	68	91
24042020	67	93
25042020	59	91
26042020	71	92
27042020	64	89
28042020	51	79
29042020	48	78
30042020	58	90
1052020	57	92
2052020	56	82
3052020	60	93
4052020	60	90
5052020	61	82
6052020	54	82
7052020	65	82
8052020	60	84
9052020	57	91
10052020	57	91
11052020	46	79
12052020	45	74
13052020	50	73
14052020	61	81
15052020	61	84
16052020	63	86
17052020	59	91
18052020	50	84
19052020	43	80
20052020	49	74
21052020	48	87
22052020	54	91
23052020	54	78
24052020	54	79
25052020	54	93
26052020	62	96
27052020	51	77
28052020	54	89
29052020	57	85
30052020	61	77
31052020	51	86
1062020	52	87
2062020	59	83
3062020	51	86
4062020	54	80
5062020	46	72
6062020	52	85
7062020	53	85
8062020	49	90
9062020	51	91
10062020	52	88
11062020	54	89
12062020	45	72
13062020	55	91
14062020	53	90
15062020	52	85
16062020	50	84
17062020	46	88
18062020	56	77
19062020	58	72
20062020	55	81
21062020	65	91
22062020	60	86
23062020	53	83
24062020	54	82
25062020	55	85
26062020	63	87
27062020	63	90
28062020	59	89
29062020	53	80
30062020	56	82
1072020	46	78
2072020	48	86
3072020	51	74
4072020	59	76
5072020	53	74
6072020	56	81
7072020	65	88
8072020	60	85
9072020	43	82
10072020	49	82
11072020	57	91
12072020	45	86
13072020	54	87
14072020	66	79
15072020	62	85
16072020	55	84
17072020	55	88
18072020	48	88
19072020	49	82
20072020	53	73
21072020	42	71
22072020	44	75
23072020	45	70
24072020	36	64
25072020	42	68
26072020	50	78
27072020	62	79
28072020	65	82
29072020	59	87
30072020	54	77
31072020	61	82
1082020	56	83
2082020	45	90
3082020	42	73
4082020	48	73
5082020	51	81
6082020	43	80
7082020	42	73
8082020	47	77
9082020	37	78
10082020	39	59
11082020	38	68
12082020	44	72
13082020	43	66
14082020	53	85
15082020	43	85
16082020	40	80
17082020	49	74
18082020	47	80
19082020	43	84
20082020	58	92
21082020	45	71
22082020	43	70
23082020	50	70
24082020	52	70
25082020	56	85
26082020	43	78
27082020	46	87
28082020	51	82
29082020	49	85
30082020	44	86
31082020	48	88
1092020	46	89
2092020	50	83
3092020	58	84
4092020	50	79
5092020	50	80
6092020	53	77
7092020	53	92
8092020	49	92
9092020	60	89
10092020	48	85
11092020	58	86
12092020	49	81
13092020	57	81
14092020	53	82
15092020	46	68
16092020	41	71
17092020	45	75
18092020	49	71
19092020	36	70
20092020	39	78
21092020	35	75
22092020	42	70
23092020	43	76
24092020	49	71
25092020	52	76
26092020	37	79
27092020	35	87
28092020	49	88
29092020	49	77
30092020	59	82
1102020	62	80
2102020	63	77
3102020	57	81
4102020	58	81
5102020	56	89
6102020	68	91
7102020	63	84
8102020	64	91
9102020	65	85
10102020	65	87
11102020	49	81
12102020	55	75
13102020	46	79
14102020	62	90
15102020	59	78
16102020	54	75
17102020	56	91
18102020	50	79
19102020	52	73
20102020	44	73
21102020	36	70
22102020	50	73
23102020	49	70
24102020	51	70
25102020	48	83
26102020	60	85
27102020	59	91
28102020	58	78
29102020	56	84
30102020	37	64
31102020	33	70
1112020	49	76
2112020	44	75
3112020	45	69
4112020	40	67
5112020	42	72
6112020	56	80
7112020	49	80
8112020	45	83
9112020	56	89
10112020	44	87
11112020	49	79
12112020	54	78
13112020	59	78
14112020	46	79
15112020	50	87
16112020	38	62
17112020	43	71
18112020	42	78
19112020	39	80
20112020	46	71
21112020	43	78
22112020	56	75
23112020	49	72
24112020	51	79
25112020	49	77
26112020	57	88
27112020	54	83
28112020	53	89
29112020	52	79
30112020	48	79
1122020	60	91
2122020	65	92
3122020	63	91
4122020	63	89
5122020	56	86
6122020	58	84
7122020	52	77
8122020	59	83
9122020	56	78
10122020	54	85
11122020	44	86
12122020	53	78
13122020	51	89
14122020	53	89
15122020	60	91
16122020	60	84
17122020	59	83
18122020	66	92
19122020	65	87
20122020	63	83
21122020	53	75
22122020	46	74
23122020	49	84
24122020	48	87
25122020	58	86
26122020	66	91
27122020	64	91
28122020	55	90
29122020	45	81
30122020	47	71
31122020	56	88
1012021	52	90
2012021	48	88
3012021	43	72
4012021	49	91
5012021	51	90
6012021	53	82
7012021	47	82
8012021	42	85
9012021	52	80
10012021	56	81
11012021	61	92
12012021	71	95
13012021	70	93
14012021	68	93
15012021	56	91
16012021	67	85
17012021	52	87
18012021	52	82
19012021	62	86
20012021	68	92
21012021	63	87
22012021	61	88
23012021	58	77
24012021	55	81
25012021	61	92
26012021	60	93
27012021	57	90
28012021	56	87
29012021	56	81
30012021	57	92
31012021	60	86
1022021	51	85
2022021	62	91
3022021	54	78
4022021	52	84
5022021	57	91
6022021	58	91
7022021	62	89
8022021	61	91
9022021	48	83
10022021	60	86
11022021	57	92
12022021	52	86
13022021	56	89
14022021	58	87
15022021	61	88
16022021	51	92
17022021	59	87
18022021	66	88
19022021	65	92
20022021	60	91
21022021	55	94
22022021	59	86
23022021	59	76
24022021	58	76
25022021	54	81
26022021	59	88
27022021	54	85
28022021	60	78
01032021	56	78
02032021	51	76
03032021	55	83
04032021	60	83
05032021	62	91
06032021	69	92
07032021	60	96
08032021	64	91
09032021	60	86
10032021	60	87
11032021	57	86
12032021	55	74
13032021	60	78
14032021	60	79
15032021	55	90
16032021	58	89
17032021	49	79
18032021	43	85
19032021	56	86
20032021	53	92
21032021	63	94
22032021	64	89
23032021	66	93
24032021	60	86
25032021	65	91
26032021	63	91
27032021	64	89
28032021	61	88
29032021	62	92
30032021	65	91
31032021	63	88
01042021	56	88
02042021	58	88
03042021	61	90
04042021	63	85
05042021	55	90
06042021	62	90
07042021	59	90
08042021	59	92
09042021	49	87
10042021	53	92
11042021	46	91
12042021	46	92
13042021	61	82
14042021	58	89
15042021	58	90
16042021	71	96
17042021	74	95
18042021	60	92
19042021	62	87
20042021	61	89
21042021	69	90
22042021	66	90
23042021	67	90
24042021	63	93
25042021	73	94
26042021	67	91
27042021	71	94
28042021	61	96
29042021	69	95
30042021	67	95
01052021	63	88
02052021	66	85
03052021	56	87
04052021	66	85
05052021	72	91
06052021	75	93
07052021	51	91
08052021	54	85
09052021	55	80
10052021	53	76
11052021	57	88
12052021	57	84
13052021	61	80
14052021	60	78
15052021	51	74
16052021	53	90
17052021	56	82
18052021	55	81
19052021	50	81
20052021	41	74
21052021	41	81
22052021	46	77
23052021	45	80
24052021	64	91
25052021	57	90
26052021	55	82
27052021	53	86
28052021	60	85
29052021	60	87
30052021	38	82
31052021	53	82
01062021	46	81
02062021	52	93
03062021	56	92
04062021	57	80
05062021	72	91
06062021	67	95
07062021	55	90
08062021	47	82
09062021	50	70
10062021	49	76
11062021	60	92
12062021	51	86
13062021	60	89
14062021	52	75
15062021	58	89
16062021	59	85
17062021	62	93
18062021	60	89
19062021	57	86
20062021	48	92
21062021	52	69
22062021	48	88
23062021	53	92
24062021	40	70
25062021	50	79
26062021	58	91
27062021	57	89
28062021	53	90
29062021	59	80
30062021	60	87
01072021	54	94
02072021	59	75
03072021	49	86
04072021	54	86
05072021	44	75
06072021	55	76
07072021	43	85
08072021	47	91
09072021	57	91
10072021	55	94
11072021	64	95
12072021	51	77
13072021	54	85
14072021	40	92